huffman_bitlengths
4
4
4
4
4
5
5
4
5
5
5
5
5
5
5
5
5
6
6
6
6
6
6
6
7
7
7
7
7
7
7
7
7
8
8
8
8
8
8
8
8
9
9
9
9
9
9
9
9
9
9
9
10
9
10
9
10
10
10
10
10
10
10
10
10
10
10
10
10
10
10
10
10
10
11
10
11
11
11
11
11
11
11
11
11
11
11
11
11
11
11
11
11
11
11
11
11
12
11
12
11
12
11
12
11
12
12
12
12
12
12
12
12
12
12
13
12
13
12
13
12
13
12
13
12
13
12
13
12
14
12
14
12
14
12
14
12
14
12
14
12
14
13
14
12
15
13
15
13
15
13
15
13
15
13
15
13
16
13
16
13
16
13
16
13
16
13
16
13
17
13
17
13
17
14
17
13
17
14
17
14
18
14
18
14
18
14
18
14
18
14
18
14
19
14
19
14
19
15
19
15
19
15
19
15
19
15
19
15
20
15
20
15
20
15
20
15
20
16
20
16
20
16
20
16
20
16
20
16
21
16
21
16
21
16
21
16
21
16
21
16
21
17
21
17
21
17
21
17
22
17
22
17
22
17
22
